1585119493
1585120006
1585120486
1585120989
1585121503
1585121961
1585122454
1585122941
1585123571
1585124040
1585124533
1585125032
1585125512
1585126026
1585126494
1585127085
1585127574
1585128070
1585128545
1585129061
1585129571
1585130062
1585130582
1585131093
1585131575
1585132071
1585132551
1585133052
1585133542
1585134027
1585134529
1585134999
1585135507
1585135984
1585136483
1585136977
1585137472
1585138099
1585138583
1585139066
1585139574
1585140056
1585140567
1585141069
1585141593
1585142084
1585142594
1585143081
1585143573
1585144079
1585144553
1585145143
